Order_ID,Predict_Date,Stock_ID,Date,Closing_Price
0,2021-12-22,5,2022-01-04,88.79
1,2022-01-04,5,2022-01-13,96.22
2,2022-01-13,5,2022-01-24,97.47
3,2022-01-24,5,2022-02-02,97.28
4,2022-02-02,5,2022-02-11,97.68
5,2022-02-11,5,2022-02-23,99.17
6,2022-02-23,5,2022-03-04,99.56
7,2022-03-04,5,2022-03-15,95.67
8,2022-03-15,5,2022-03-24,96.31
9,2022-03-24,5,2022-04-04,97.8
10,2022-04-04,5,2022-04-19,98.61
11,2022-04-19,5,2022-04-28,93.43
12,2022-04-28,5,2022-05-11,99.93
13,2022-05-11,5,2022-05-23,89.22
14,2022-05-23,5,2022-06-01,89.64
15,2022-06-01,5,2022-06-13,91.15
16,2022-06-13,5,2022-06-22,88.5
17,2022-06-22,5,2022-07-01,89.93
18,2022-07-01,5,2022-07-12,90.18
19,2022-07-12,5,2022-07-22,87.78
20,2022-07-22,5,2022-08-04,89.28
21,2022-08-04,5,2022-08-16,89.19
22,2022-08-16,5,2022-08-25,91.04
23,2022-08-25,5,2022-09-05,92.17
24,2022-09-05,5,2022-09-14,90.13
25,2022-09-14,5,2022-09-23,85.1
26,2022-09-23,5,2022-10-04,94.5
27,2022-10-04,5,2022-10-17,92.6
28,2022-10-17,5,2022-10-27,92.34
29,2022-10-27,5,2022-11-07,92.95
30,2022-11-07,5,2022-11-16,93.84
31,2022-11-16,5,2022-11-25,90.84
32,2022-11-25,5,2022-12-07,96.1
33,2022-12-07,5,2022-12-19,98.53
34,2022-12-19,5,2022-12-28,96.36
