Order_ID,Predict_Date,Stock_ID,Date,Closing_Price
0,2021-12-22,17,2022-01-04,9.28
1,2022-01-04,17,2022-01-13,9.31
2,2022-01-13,17,2022-01-24,9.29
3,2022-01-24,17,2022-02-02,9.09
4,2022-02-02,17,2022-02-11,9.33
5,2022-02-11,17,2022-02-23,9.36
6,2022-02-23,17,2022-03-04,9.39
7,2022-03-04,17,2022-03-15,9.57
8,2022-03-15,17,2022-03-24,9.07
9,2022-03-24,17,2022-04-04,9.2
10,2022-04-04,17,2022-04-19,9.13
11,2022-04-19,17,2022-04-28,9.21
12,2022-04-28,17,2022-05-11,8.87
13,2022-05-11,17,2022-05-23,9.01
14,2022-05-23,17,2022-06-01,9.11
15,2022-06-01,17,2022-06-13,9.57
16,2022-06-13,17,2022-06-22,9.08
17,2022-06-22,17,2022-07-01,8.45
18,2022-07-01,17,2022-07-12,8.8
19,2022-07-12,17,2022-07-22,8.92
20,2022-07-22,17,2022-08-04,8.74
21,2022-08-04,17,2022-08-16,9.13
22,2022-08-16,17,2022-08-25,8.76
23,2022-08-25,17,2022-09-05,8.93
24,2022-09-05,17,2022-09-14,8.75
25,2022-09-14,17,2022-09-23,8.89
26,2022-09-23,17,2022-10-04,8.95
27,2022-10-04,17,2022-10-17,8.31
28,2022-10-17,17,2022-10-27,8.21
29,2022-10-27,17,2022-11-07,8.24
30,2022-11-07,17,2022-11-16,8.25
31,2022-11-16,17,2022-11-25,8.6
32,2022-11-25,17,2022-12-07,8.14
33,2022-12-07,17,2022-12-19,8.3
34,2022-12-19,17,2022-12-28,8.25
