Order_ID,Predict_Date,Stock_ID,Date,Closing_Price
0,2021-12-22,4,2022-04-01,126.02
1,2022-04-01,4,2022-01-13,129.83
2,2022-01-13,4,2022-01-24,127.19
3,2022-01-24,4,2022-02-02,125.39
4,2022-02-02,4,2022-11-02,125.8
5,2022-11-02,4,2022-02-23,131.97
6,2022-02-23,4,2022-04-03,128.41
7,2022-04-03,4,2022-03-15,123.51
8,2022-03-15,4,2022-03-24,114.99
9,2022-03-24,4,2022-04-04,113.27
10,2022-04-04,4,2022-04-19,114.17
11,2022-04-19,4,2022-04-28,82.08
12,2022-04-28,4,2022-11-05,103.78
13,2022-11-05,4,2022-05-23,108.66
14,2022-05-23,4,2022-01-06,107.52
15,2022-01-06,4,2022-06-13,109.29
16,2022-06-13,4,2022-06-22,95.28
17,2022-06-22,4,2022-01-07,107.01
18,2022-01-07,4,2022-12-07,97.31
19,2022-12-07,4,2022-07-22,101.71
20,2022-07-22,4,2022-04-08,99.33
21,2022-04-08,4,2022-08-16,101.96
22,2022-08-16,4,2022-08-25,101.0
23,2022-08-25,4,2022-05-09,109.25
24,2022-05-09,4,2022-09-14,117.51
25,2022-09-14,4,2022-09-23,113.39
26,2022-09-23,4,2022-04-10,111.78
27,2022-04-10,4,2022-10-17,105.14
28,2022-10-17,4,2022-10-27,101.33
29,2022-10-27,4,2022-07-11,103.56
30,2022-07-11,4,2022-11-16,105.52
31,2022-11-16,4,2022-11-25,111.86
32,2022-11-25,4,2022-07-12,107.19
33,2022-07-12,4,2022-12-19,106.32
34,2022-12-19,4,2022-12-28,107.39
