Order_ID,Predict_Date,Stock_ID,Date,Closing_Price
0,2021-12-22,2,2022-01-04,120.95
1,2022-01-04,2,2022-01-13,121.1
2,2022-01-13,2,2022-01-24,115.26
3,2022-01-24,2,2022-02-02,110.58
4,2022-02-02,2,2022-02-11,103.62
5,2022-02-11,2,2022-02-23,102.76
6,2022-02-23,2,2022-03-04,102.85
7,2022-03-04,2,2022-03-15,104.04
8,2022-03-15,2,2022-03-24,105.07
9,2022-03-24,2,2022-04-04,102.73
10,2022-04-04,2,2022-04-19,107.13
11,2022-04-19,2,2022-04-28,105.16
12,2022-04-28,2,2022-05-11,105.73
13,2022-05-11,2,2022-05-23,106.08
14,2022-05-23,2,2022-06-01,105.53
15,2022-06-01,2,2022-06-13,102.88
16,2022-06-13,2,2022-06-22,106.47
17,2022-06-22,2,2022-07-01,106.09
18,2022-07-01,2,2022-07-12,105.09
19,2022-07-12,2,2022-07-22,116.69
20,2022-07-22,2,2022-08-04,115.78
21,2022-08-04,2,2022-08-16,112.47
22,2022-08-16,2,2022-08-25,112.79
23,2022-08-25,2,2022-09-05,110.17
24,2022-09-05,2,2022-09-14,102.56
25,2022-09-14,2,2022-09-23,107.57
26,2022-09-23,2,2022-10-04,94.91
27,2022-10-04,2,2022-10-17,84.98
28,2022-10-17,2,2022-10-27,83.87
29,2022-10-27,2,2022-11-07,88.38
30,2022-11-07,2,2022-11-16,90.99
31,2022-11-16,2,2022-11-25,95.82
32,2022-11-25,2,2022-12-07,95.08
33,2022-12-07,2,2022-12-19,94.29
34,2022-12-19,2,2022-12-28,96.15
