Best MAPE Param:
Param: ARIMA_d4_p6_q3.csv
MAPE: 4.09
RMSE: 0.59
Dir: 42.86

Best RMSE Param:
Param: ARIMA_d4_p6_q3.csv
MAPE: 4.09
RMSE: 0.59
Dir: 42.86

Best Dir Param:
Param: ARIMA_d10_p10_q2.csv
MAPE: 1.9308723372482772e+18
RMSE: 8.960049618516389e+17
Dir: 54.29

