Order_ID,Predict_Date,Stock_ID,Date,Closing_Price
0,2021-12-22,4,2022-04-01,112.27
1,2022-04-01,4,2022-01-13,112.64
2,2022-01-13,4,2022-01-24,116.1
3,2022-01-24,4,2022-02-02,109.27
4,2022-02-02,4,2022-11-02,112.94
5,2022-11-02,4,2022-02-23,113.04
6,2022-02-23,4,2022-04-03,116.83
7,2022-04-03,4,2022-03-15,113.21
8,2022-03-15,4,2022-03-24,113.41
9,2022-03-24,4,2022-04-04,113.35
10,2022-04-04,4,2022-04-19,113.36
11,2022-04-19,4,2022-04-28,101.36
12,2022-04-28,4,2022-11-05,129.8
13,2022-11-05,4,2022-05-23,111.16
14,2022-05-23,4,2022-01-06,122.2
15,2022-01-06,4,2022-06-13,110.68
16,2022-06-13,4,2022-06-22,115.36
17,2022-06-22,4,2022-01-07,112.81
18,2022-01-07,4,2022-12-07,112.53
19,2022-12-07,4,2022-07-22,100.93
20,2022-07-22,4,2022-04-08,112.36
21,2022-04-08,4,2022-08-16,112.32
22,2022-08-16,4,2022-08-25,112.39
23,2022-08-25,4,2022-05-09,112.31
24,2022-05-09,4,2022-09-14,112.4
25,2022-09-14,4,2022-09-23,112.24
26,2022-09-23,4,2022-04-10,119.37
27,2022-04-10,4,2022-10-17,111.76
28,2022-10-17,4,2022-10-27,111.65
29,2022-10-27,4,2022-07-11,100.69
30,2022-07-11,4,2022-11-16,112.2
31,2022-11-16,4,2022-11-25,111.57
32,2022-11-25,4,2022-07-12,111.44
33,2022-07-12,4,2022-12-19,100.68
34,2022-12-19,4,2022-12-28,108.09
