Order_ID,Predict_Date,Stock_ID,Date,Closing_Price
0,2021-12-22,4,2022-04-01,124.58
1,2022-04-01,4,2022-01-13,125.87
2,2022-01-13,4,2022-01-24,127.02
3,2022-01-24,4,2022-02-02,124.56
4,2022-02-02,4,2022-11-02,126.19
5,2022-11-02,4,2022-02-23,133.07
6,2022-02-23,4,2022-04-03,129.26
7,2022-04-03,4,2022-03-15,123.62
8,2022-03-15,4,2022-03-24,119.23
9,2022-03-24,4,2022-04-04,112.73
10,2022-04-04,4,2022-04-19,114.16
11,2022-04-19,4,2022-04-28,82.67
12,2022-04-28,4,2022-11-05,105.0
13,2022-11-05,4,2022-05-23,108.99
14,2022-05-23,4,2022-01-06,108.02
15,2022-01-06,4,2022-06-13,111.68
16,2022-06-13,4,2022-06-22,110.28
17,2022-06-22,4,2022-01-07,97.3
18,2022-01-07,4,2022-12-07,104.85
19,2022-12-07,4,2022-07-22,99.87
20,2022-07-22,4,2022-04-08,96.59
21,2022-04-08,4,2022-08-16,100.65
22,2022-08-16,4,2022-08-25,104.7
23,2022-08-25,4,2022-05-09,107.44
24,2022-05-09,4,2022-09-14,108.78
25,2022-09-14,4,2022-09-23,106.9
26,2022-09-23,4,2022-04-10,106.39
27,2022-04-10,4,2022-10-17,104.15
28,2022-10-17,4,2022-10-27,104.87
29,2022-10-27,4,2022-07-11,103.33
30,2022-07-11,4,2022-11-16,106.17
31,2022-11-16,4,2022-11-25,105.67
32,2022-11-25,4,2022-07-12,106.11
33,2022-07-12,4,2022-12-19,103.66
34,2022-12-19,4,2022-12-28,103.63
