Order_ID,Predict_Date,Stock_ID,Date,Closing_Price
0,2021-12-22,8,2022-01-04,41.62
1,2022-01-04,8,2022-01-13,42.64
2,2022-01-13,8,2022-01-24,45.91
3,2022-01-24,8,2022-02-02,45.62
4,2022-02-02,8,2022-02-11,44.79
5,2022-02-11,8,2022-02-23,45.92
6,2022-02-23,8,2022-03-04,46.18
7,2022-03-04,8,2022-03-15,44.91
8,2022-03-15,8,2022-03-24,42.45
9,2022-03-24,8,2022-04-04,44.58
10,2022-04-04,8,2022-04-19,44.36
11,2022-04-19,8,2022-04-28,45.43
12,2022-04-28,8,2022-05-11,46.99
13,2022-05-11,8,2022-05-23,46.03
14,2022-05-23,8,2022-06-01,47.84
15,2022-06-01,8,2022-06-13,47.58
16,2022-06-13,8,2022-06-22,48.57
17,2022-06-22,8,2022-07-01,48.12
18,2022-07-01,8,2022-07-12,47.73
19,2022-07-12,8,2022-07-22,46.97
20,2022-07-22,8,2022-08-04,47.2
21,2022-08-04,8,2022-08-16,46.84
22,2022-08-16,8,2022-08-25,44.68
23,2022-08-25,8,2022-09-05,45.95
24,2022-09-05,8,2022-09-14,41.06
25,2022-09-14,8,2022-09-23,41.53
26,2022-09-23,8,2022-10-04,40.81
27,2022-10-04,8,2022-10-17,40.28
28,2022-10-17,8,2022-10-27,38.26
29,2022-10-27,8,2022-11-07,40.84
30,2022-11-07,8,2022-11-16,41.22
31,2022-11-16,8,2022-11-25,41.91
32,2022-11-25,8,2022-12-07,42.03
33,2022-12-07,8,2022-12-19,41.32
34,2022-12-19,8,2022-12-28,40.77
