Best MAPE Param:
Param: ARIMA_d6_p10_q2.csv
MAPE: 4.07
RMSE: 0.44
Dir: 40.0

Best RMSE Param:
Param: ARIMA_d6_p10_q2.csv
MAPE: 4.07
RMSE: 0.44
Dir: 40.0

Best Dir Param:
Param: ARIMA_d10_p6_q3.csv
MAPE: 7.686858255060054e+16
RMSE: 3.871201958775527e+16
Dir: 57.14

