Order_ID,Predict_Date,Stock_ID,Date,Closing_Price
0,2021-12-22,5,2022-01-04,92.6
1,2022-01-04,5,2022-01-13,90.44
2,2022-01-13,5,2022-01-24,100.28
3,2022-01-24,5,2022-02-02,97.58
4,2022-02-02,5,2022-02-11,100.56
5,2022-02-11,5,2022-02-23,100.63
6,2022-02-23,5,2022-03-04,99.09
7,2022-03-04,5,2022-03-15,99.04
8,2022-03-15,5,2022-03-24,99.14
9,2022-03-24,5,2022-04-04,97.77
10,2022-04-04,5,2022-04-19,99.05
11,2022-04-19,5,2022-04-28,98.57
12,2022-04-28,5,2022-05-11,99.14
13,2022-05-11,5,2022-05-23,90.54
14,2022-05-23,5,2022-06-01,90.43
15,2022-06-01,5,2022-06-13,90.62
16,2022-06-13,5,2022-06-22,90.41
17,2022-06-22,5,2022-07-01,89.1
18,2022-07-01,5,2022-07-12,89.52
19,2022-07-12,5,2022-07-22,87.73
20,2022-07-22,5,2022-08-04,86.2
21,2022-08-04,5,2022-08-16,91.57
22,2022-08-16,5,2022-08-25,91.17
23,2022-08-25,5,2022-09-05,93.1
24,2022-09-05,5,2022-09-14,92.75
25,2022-09-14,5,2022-09-23,97.6
26,2022-09-23,5,2022-10-04,97.27
27,2022-10-04,5,2022-10-17,92.07
28,2022-10-17,5,2022-10-27,96.04
29,2022-10-27,5,2022-11-07,97.4
30,2022-11-07,5,2022-11-16,97.79
31,2022-11-16,5,2022-11-25,92.21
32,2022-11-25,5,2022-12-07,99.27
33,2022-12-07,5,2022-12-19,99.94
34,2022-12-19,5,2022-12-28,100.15
