Order_ID,Predict_Date,Stock_ID,Date,Closing_Price
0,2021-12-22,10,2022-01-04,3.59
1,2022-01-04,10,2022-01-13,3.69
2,2022-01-13,10,2022-01-24,3.71
3,2022-01-24,10,2022-02-02,3.76
4,2022-02-02,10,2022-02-11,3.87
5,2022-02-11,10,2022-02-23,3.81
6,2022-02-23,10,2022-03-04,3.75
7,2022-03-04,10,2022-03-15,3.75
8,2022-03-15,10,2022-03-24,3.64
9,2022-03-24,10,2022-04-04,3.75
10,2022-04-04,10,2022-04-19,3.71
11,2022-04-19,10,2022-04-28,3.75
12,2022-04-28,10,2022-05-11,3.7
13,2022-05-11,10,2022-05-23,3.69
14,2022-05-23,10,2022-06-01,3.58
15,2022-06-01,10,2022-06-13,3.75
16,2022-06-13,10,2022-06-22,3.71
17,2022-06-22,10,2022-07-01,3.97
18,2022-07-01,10,2022-07-12,3.74
19,2022-07-12,10,2022-07-22,3.69
20,2022-07-22,10,2022-08-04,3.73
21,2022-08-04,10,2022-08-16,3.63
22,2022-08-16,10,2022-08-25,3.66
23,2022-08-25,10,2022-09-05,3.6
24,2022-09-05,10,2022-09-14,3.6
25,2022-09-14,10,2022-09-23,3.55
26,2022-09-23,10,2022-10-04,3.62
27,2022-10-04,10,2022-10-17,3.61
28,2022-10-17,10,2022-10-27,3.57
29,2022-10-27,10,2022-11-07,3.72
30,2022-11-07,10,2022-11-16,3.57
31,2022-11-16,10,2022-11-25,3.62
32,2022-11-25,10,2022-12-07,3.58
33,2022-12-07,10,2022-12-19,3.57
34,2022-12-19,10,2022-12-28,3.59
