Order_ID,Predict_Date,Stock_ID,Date,Closing_Price
0,2021-12-22,5,2022-01-04,93.23
1,2022-01-04,5,2022-01-13,99.34
2,2022-01-13,5,2022-01-24,96.5
3,2022-01-24,5,2022-02-02,97.21
4,2022-02-02,5,2022-02-11,100.2
5,2022-02-11,5,2022-02-23,98.87
6,2022-02-23,5,2022-03-04,96.88
7,2022-03-04,5,2022-03-15,99.33
8,2022-03-15,5,2022-03-24,97.49
9,2022-03-24,5,2022-04-04,99.71
10,2022-04-04,5,2022-04-19,101.13
11,2022-04-19,5,2022-04-28,98.82
12,2022-04-28,5,2022-05-11,100.21
13,2022-05-11,5,2022-05-23,87.46
14,2022-05-23,5,2022-06-01,91.78
15,2022-06-01,5,2022-06-13,93.48
16,2022-06-13,5,2022-06-22,86.06
17,2022-06-22,5,2022-07-01,88.68
18,2022-07-01,5,2022-07-12,90.63
19,2022-07-12,5,2022-07-22,84.29
20,2022-07-22,5,2022-08-04,90.6
21,2022-08-04,5,2022-08-16,88.78
22,2022-08-16,5,2022-08-25,89.73
23,2022-08-25,5,2022-09-05,94.98
24,2022-09-05,5,2022-09-14,91.45
25,2022-09-14,5,2022-09-23,94.18
26,2022-09-23,5,2022-10-04,95.8
27,2022-10-04,5,2022-10-17,89.61
28,2022-10-17,5,2022-10-27,95.78
29,2022-10-27,5,2022-11-07,95.71
30,2022-11-07,5,2022-11-16,95.64
31,2022-11-16,5,2022-11-25,98.15
32,2022-11-25,5,2022-12-07,96.23
33,2022-12-07,5,2022-12-19,98.55
34,2022-12-19,5,2022-12-28,99.53
